1111 
111
11
1

i: 1000      1111   
   100       000
   10        00
   1         0

t: 1110      1000      0100      0100
   010       110       111       110
   00        10        00        01
   0         0         0         0

o: 1100
   110
   00
   0

l: 1000      0010      1100      1110
   100       111       010       100
   11        00        01        00
   0         0         0         0

j: 0100      1110      1100      1000
   010       001       100       111
   11        00        10        00
   0         0         0         0

s: 0110      1000
   110       110 
   00        01
   0         0

z: 1100      0100
   011       110
   00        10
   0         0